1.33909 -0.989097 
3.07491 0.68879 
1.33961 -1.01409 
1.39502 2.58315 
1.33713 -1.00045 
1.41641 2.57836 
1.33712 -0.999445 
3.09968 0.692829 
1.29928 2.57606 
1.34091 -1.01354 
1.33198 -1.00301 
1.40457 2.57794 
1.30861 2.58077 
-0.475922 0.757706 
-0.475922 0.757706 
1.34026 -1.00786 
1.39798 2.59135 
1.30153 2.59378 
1.33148 -0.985965 
1.38045 2.58139 
-0.483985 0.767596 
-0.483985 0.767596 
1.38001 2.5724 
1.32133 -0.98538 
1.3683 2.574 
1.32178 -1.00537 
1.39377 2.61017 
1.33527 -0.980026 
1.3933 2.60118 
-0.488911 0.780401 
-0.488911 0.780401 
1.39497 2.58967 
1.3269 -0.986361 
3.08391 0.705828 
3.08657 0.801678 
1.2975 2.59338 
3.08657 0.803381 
-0.483162 0.772316 
-0.483162 0.772316 
1.39447 2.58069 
3.07657 0.801688 
3.07657 0.803352 
1.29167 2.58813 
3.07624 0.808139 
-0.49549 0.776863 
-0.49549 0.776863 
1.3893 2.59772 
3.08824 0.806433 
3.08824 0.808109 
1.29164 2.60013 
-0.493491 0.776898 
-0.493491 0.776898 
3.08358 0.710585 
1.29334 2.59814 
3.08624 0.808109 
3.08624 0.808138 
1.33195 -0.975504 
3.07759 0.710912 
3.08024 0.806441 
1.29793 2.59544 
3.08455 0.811438 
1.33415 -0.962243 
3.07191 0.714756 
3.07455 0.80975 
1.29794 2.58544 
3.07455 0.811438 
-0.489176 0.780198 
-0.489176 0.780198 
1.39505 2.5976 
3.08662 0.8086 
3.08662 0.810274 
1.2975 2.6003 
-0.494103 0.779046 
-0.494103 0.779046 
3.08496 0.712695 
1.2992 2.6013 
3.08762 0.810274 
3.08762 0.810303 
1.2975 2.6013 
-0.503102 0.778889 
-0.503102 0.778889 
1.3956 2.60758 
3.09662 0.80859 
3.09662 0.810274 
-0.492104 0.779081 
-0.492104 0.779081 
1.39929 2.59697 
3.08853 0.809055 
1.30183 2.59976 
3.08853 0.810757 
3.08853 0.810757 
-0.480198 0.779692 
-0.480198 0.779692 
1.39879 2.58799 
3.07953 0.809063 
1.29617 2.58588 
-0.484456 0.77476 
-0.484456 0.77476 
3.07862 0.708706 
1.29783 2.58888 
3.08127 0.805849 
3.08127 0.805878 
3.08127 0.805878 
3.08127 0.805878 
3.08127 0.805878 
3.08127 0.805878 
3.08127 0.805878 
3.08127 0.805878 
3.08127 0.805878 
3.08127 0.805878 
3.08127 0.805878 
3.08127 0.805878 
3.08127 0.805878 
3.08127 0.805878 
3.08127 0.805878 
3.08127 0.805878 
1.34088 -0.995811 
-0.478557 0.772697 
-0.478557 0.772697 
1.39611 2.58444 
1.30352 2.59502 
-0.478924 0.780941 
-0.478924 0.780941 
1.39889 2.59038 
3.0828 0.810329 
1.333 -0.976704 
3.08815 0.714524 
1.29636 2.59019 
-0.488871 0.769971 
-0.488871 0.769971 
1.39217 2.58781 
1.28428 2.59185 
-0.504646 0.771578 
-0.504646 0.771578 
1.38024 2.59243 
3.07908 0.801148 
1.32284 -0.98779 
1.39237 2.59903 
3.0887 0.808828 
-0.492028 0.779292 
-0.492028 0.779292 
1.39232 2.59803 
1.33658 -0.983752 
1.389 2.59754 
1.29303 2.59983 
-0.482411 0.776756 
-0.482411 0.776756 
1.31487 -0.975362 
3.06122 0.707359 
1.33944 -0.963424 
3.07481 0.714454 
1.29812 2.58619 
1.34445 -0.960868 
-0.479206 0.782565 
-0.479206 0.782565 
1.40337 2.59797 
3.09801 0.809761 
1.34321 -0.968208 
3.08637 0.714454 
1.30758 2.59146 
-0.481715 0.780205 
-0.481715 0.780205 
1.38831 2.60134 
1.33555 -0.967958 
1.40259 2.58664 
3.0869 0.806572 
1.33734 -0.971456 
1.40253 2.58564 
1.33749 -0.973548 
1.40005 2.60159 
-0.475321 0.78408 
-0.475321 0.78408 
1.39512 2.59032 
1.33938 -0.966941 
1.34116 -0.977072 
1.39827 2.60415 
1.3411 -0.974072 
1.33754 -0.976555 
1.39964 2.58659 
1.33769 -0.984554 
1.35203 -0.986478 
1.39846 2.5949 
1.33392 -0.966316 
1.33419 -0.980314 
1.39377 2.59487 
1.3391 -0.97848 
-0.470064 0.770208 
-0.470064 0.770208 
1.33542 -0.988384 
3.09234 0.70566 
1.34806 -0.96111 
1.33814 -0.981818 
1.40189 2.5933 
1.33814 -0.981818 
1.34218 -0.963319 
1.40428 2.58384 
3.08437 0.809688 
1.33768 -0.972716 
-0.467966 0.776037 
-0.467966 0.776037 
1.40365 2.57937 
3.08176 0.805326 
1.34204 -0.967237 
3.07746 0.709717 
1.34253 -0.969915 
3.07675 0.707014 
1.3009 2.57769 
-0.484339 0.772456 
-0.484339 0.772456 
1.41297 2.60007 
3.10441 0.811078 
1.34852 -0.968109 
3.09135 0.714548 
-0.465733 0.780491 
-0.465733 0.780491 
1.41062 2.58901 
-0.465516 0.780483 
-0.465516 0.780483 
1.39366 2.58505 
3.08338 0.804699 
1.34108 -0.970046 
3.08224 0.712577 
1.30144 2.58958 
-0.485844 0.778329 
-0.485844 0.778329 
1.33961 -0.985756 
1.40598 2.5986 
-0.478094 0.777917 
-0.478094 0.777917 
3.09697 0.71164 
1.31002 2.59814 
1.35233 -0.977205 
3.10234 0.714851 
3.105 0.810702 
1.30894 2.6024 
1.34167 -0.971431 
1.40065 2.58578 
1.33741 -0.969333 
1.40691 2.58568 
1.34294 -0.961911 
1.4015 2.58331 
-0.480333 0.78053 
-0.480333 0.78053 
1.40228 2.59829 
3.09739 0.810051 
3.09739 0.811723 
3.09739 0.811753 
1.34302 -0.970757 
3.09088 0.71199 
1.31678 2.589 
1.34827 -0.97875 
1.39343 2.59603 
-0.476726 0.777666 
-0.476726 0.777666 
1.39257 2.58005 
1.34249 -0.966718 
3.07868 0.711177 
3.08132 0.806224 
3.08132 0.807884 
3.08132 0.807913 
3.08132 0.807914 
